# Created by Octave 8.1.0, Tue May 09 23:10:40 2023 GMT <unknown@ChiChi>
# name: Amax
# type: global scalar
64800


# name: C
# type: scalar
0.10938855098783978


# name: CVect
# type: matrix
# rows: 100
# columns: 1
 1.4274296030894924e-13
 1.3727247590828242e-13
 1.5164228767470013e-13
 1.7862330983161371e-13
 2.2389866373525214e-13
 2.0826091324093578e-13
 1.8510554357958727e-13
 1.8547552022785313e-13
 2.1658426323529037e-13
 2.0448512955165859e-13
 1.814131082414985e-13
 2.2615146304439936e-13
 1.8789406862396602e-13
 1.7073329051211976e-13
 1.73410499554707e-13
 2.0830708616588958e-13
 2.007414097874656e-13
 1.7109428656870919e-13
 1.2791550121435539e-13
 1.6559840514494078e-13
 2.04587848763055e-13
 1.6896385847730926e-13
 1.5434374150379717e-13
 1.4583891096426196e-13
 1.734776244498658e-13
 1.4770889083083355e-13
 0.49573011813429879
 0.16585766034246982
 0.055491410523630165
 0.018531454349414105
 0.0062001148382159468
 0.0020782507838919139
 0.00069532554121785547
 0.00023263679830130292
 7.78338731630125e-05
 2.6041072929533296e-05
 8.6964623475577064e-06
 0.25066697494180723
 0.084022449701326149
 0.028111600271919893
 0.0094228827728116502
 0.0031526373590184146
 0.0010547857336494289
 0.00035355946387486553
 0.00011829127054585705
 3.9577005126369087e-05
 1.3216810695348477e-05
 4.4219813980838951e-06
 1.4822285031126545e-06
 4.9683647924254993e-07
 1.6653750354776943e-07
 5.5615582967973515e-08
 1.8607576277618328e-08
 6.2257015966419551e-09
 2.0908640781998221e-09
 6.996551430010457e-10
 2.3419382725346284e-10
 7.8478319244697566e-11
 2.6415333066417752e-11
 8.9286633220612776e-12
 3.0783631532655903e-12
 1.1531084748729275e-12
 4.9823631449229419e-13
 3.1616767793357426e-13
 1.744249827493958e-13
 1.9520862012665593e-13
 1.6623442168237233e-13
 2.1097859247686816e-13
 1.7236495579990585e-13
 2.0361833267614759e-13
 1.9357543005752182e-13
 2.2448854928688015e-13
 1.6537006313892775e-13
 1.900532188674449e-13
 1.6881838720051241e-13
 1.8382244893402977e-13
 2.045933413391119e-13
 1.7933013113940526e-13
 1.5758311996857967e-13
 1.7591049212620294e-13
 1.7136704150804773e-13
 2.0710337120194125e-13
 2.3773985873963201e-13
 2.2243806345042343e-13
 1.8399174426467846e-13
 1.1320259393399497e-13
 1.3384250447638322e-13
 1.7739227921734912e-13
 1.9712141232183634e-13
 2.3915736572346348e-13
 2.316261910880128e-13
 2.3847974826737702e-13
 1.9913567489646762e-13
 1.6075240589389407e-13
 1.8123041058791889e-13
 1.7486488766014368e-13
 1.8685399171373454e-13
 1.1011715231343009e-13
 0.32634251044678503
 0.10938855098783978


# name: D0
# type: global scalar
0.0050000000000000001


# name: ICMinf
# type: scalar
0.0025498170982397959


# name: ICMsup
# type: scalar
0.028602647515211854


# name: ITmaxMinf
# type: scalar
0.14939157635428038


# name: ITmaxMsup
# type: scalar
0.14948064586794099


# name: K
# type: global scalar
2


# name: M
# type: scalar
100


# name: MoyC
# type: scalar
0.015576232306725826


# name: MoyTmax
# type: scalar
0.14943611111111069


# name: N
# type: global scalar
20


# name: T
# type: global matrix
# rows: 20
# columns: 1
 0.14388888888888857
 0.1444444444444441
 0.14499999999999963
 0.14583333333333293
 0.14611111111111069
 0.14694444444444399
 0.14805555555555505
 0.14749999999999952
 0.14805555555555505
 0.14861111111111058
 0.14388888888888857
 0.1444444444444441
 0.14527777777777739
 0.14555555555555516
 0.14638888888888846
 0.14749999999999952
 0.14694444444444399
 0.14861111111111058
 0.14916666666666611
 0.14916666666666611


# name: Tdanger
# type: scalar
0


# name: Tmax
# type: global scalar
0.14916666666666611


# name: TmaxVect
# type: matrix
# rows: 100
# columns: 1
 0.14972222222222165
 0.14916666666666611
 0.14944444444444388
 0.14916666666666611
 0.14972222222222165
 0.14944444444444388
 0.14999999999999941
 0.14944444444444388
 0.14972222222222165
 0.14916666666666611
 0.14916666666666611
 0.14916666666666611
 0.14916666666666611
 0.14944444444444388
 0.14999999999999941
 0.14944444444444388
 0.14944444444444388
 0.14944444444444388
 0.14972222222222165
 0.14944444444444388
 0.14916666666666611
 0.14944444444444388
 0.14972222222222165
 0.14944444444444388
 0.14916666666666611
 0.14944444444444388
 0.14944444444444388
 0.14944444444444388
 0.14944444444444388
 0.14972222222222165
 0.14944444444444388
 0.14916666666666611
 0.14944444444444388
 0.14944444444444388
 0.14944444444444388
 0.14944444444444388
 0.14972222222222165
 0.14944444444444388
 0.14916666666666611
 0.14944444444444388
 0.14916666666666611
 0.14944444444444388
 0.14944444444444388
 0.14916666666666611
 0.14944444444444388
 0.14944444444444388
 0.14972222222222165
 0.14944444444444388
 0.14916666666666611
 0.14916666666666611
 0.14916666666666611
 0.14972222222222165
 0.14944444444444388
 0.14944444444444388
 0.14888888888888835
 0.14944444444444388
 0.14944444444444388
 0.14944444444444388
 0.14944444444444388
 0.14944444444444388
 0.14972222222222165
 0.14944444444444388
 0.14944444444444388
 0.14944444444444388
 0.14944444444444388
 0.14972222222222165
 0.14944444444444388
 0.14916666666666611
 0.14944444444444388
 0.14916666666666611
 0.14972222222222165
 0.14944444444444388
 0.14944444444444388
 0.14944444444444388
 0.14944444444444388
 0.14916666666666611
 0.14916666666666611
 0.14972222222222165
 0.14972222222222165
 0.14999999999999941
 0.14944444444444388
 0.14944444444444388
 0.14916666666666611
 0.14944444444444388
 0.14972222222222165
 0.14972222222222165
 0.14999999999999941
 0.14972222222222165
 0.14944444444444388
 0.14916666666666611
 0.14916666666666611
 0.14916666666666611
 0.14944444444444388
 0.14916666666666611
 0.14916666666666611
 0.14972222222222165
 0.14916666666666611
 0.14972222222222165
 0.14916666666666611
 0.14916666666666611


# name: Tmin
# type: scalar
0.14388888888888857


# name: TminVect
# type: matrix
# rows: 100
# columns: 1
 0.14388888888888857
 0.14388888888888857
 0.1436111111111108
 0.1436111111111108
 0.14416666666666633
 0.14388888888888857
 0.14388888888888857
 0.14388888888888857
 0.1436111111111108
 0.1436111111111108
 0.14388888888888857
 0.14388888888888857
 0.1436111111111108
 0.1436111111111108
 0.14388888888888857
 0.14388888888888857
 0.1436111111111108
 0.1436111111111108
 0.14388888888888857
 0.14388888888888857
 0.14388888888888857
 0.1436111111111108
 0.14388888888888857
 0.1436111111111108
 0.14388888888888857
 0.14388888888888857
 0.1436111111111108
 0.1436111111111108
 0.14388888888888857
 0.14416666666666633
 0.1436111111111108
 0.14388888888888857
 0.1436111111111108
 0.1436111111111108
 0.1436111111111108
 0.14388888888888857
 0.14388888888888857
 0.14388888888888857
 0.14388888888888857
 0.14388888888888857
 0.14388888888888857
 0.1436111111111108
 0.1436111111111108
 0.1436111111111108
 0.14388888888888857
 0.14388888888888857
 0.14388888888888857
 0.1436111111111108
 0.14388888888888857
 0.1436111111111108
 0.14388888888888857
 0.1436111111111108
 0.1436111111111108
 0.14388888888888857
 0.1436111111111108
 0.14388888888888857
 0.14388888888888857
 0.14388888888888857
 0.14388888888888857
 0.14388888888888857
 0.1436111111111108
 0.1436111111111108
 0.1436111111111108
 0.14388888888888857
 0.1436111111111108
 0.14416666666666633
 0.1436111111111108
 0.1436111111111108
 0.14416666666666633
 0.14388888888888857
 0.14388888888888857
 0.14388888888888857
 0.14388888888888857
 0.14388888888888857
 0.14388888888888857
 0.1436111111111108
 0.1436111111111108
 0.14416666666666633
 0.14388888888888857
 0.14388888888888857
 0.1436111111111108
 0.14388888888888857
 0.14388888888888857
 0.1436111111111108
 0.1436111111111108
 0.1436111111111108
 0.1436111111111108
 0.14388888888888857
 0.1436111111111108
 0.14388888888888857
 0.1436111111111108
 0.1436111111111108
 0.1436111111111108
 0.1436111111111108
 0.1436111111111108
 0.14388888888888857
 0.1436111111111108
 0.14388888888888857
 0.14388888888888857
 0.14388888888888857


