# Created by Octave 8.1.0, Tue May 02 22:58:35 2023 GMT <unknown@ChiChi>
# name: Amax
# type: global scalar
64800


# name: C
# type: scalar
4.0184366838193011


# name: CVect
# type: matrix
# rows: 100
# columns: 1
 4.8453839931196674
 4.8485849209731056
 5.0076859559017359
 3.6516423377948741
 4.4387057441131494
 4.4730667006732219
 3.7170626280445598
 4.5760642044977482
 3.9837850382436146
 4.0554187422815318
 6.3412037458798958
 6.528971827533022
 4.8394248519467142
 3.0354142334259806
 5.9490766304742975
 4.9949973204301363
 4.7051196372689494
 6.8609046441233623
 6.1614750902664301
 5.1966369590379164
 6.0675245296852198
 6.1419968825641584
 5.0358940879701528
 4.1768695530188857
 4.1046900953538366
 5.5319797334965504
 4.8794423300297414
 5.3782779553834246
 4.318646193949208
 4.1937570318602289
 3.148690708853676
 3.222395219014293
 2.5752730248073732
 5.0597776198956197
 4.5408088315390884
 3.3514400516519367
 5.7589465248728011
 4.702366869646486
 4.4440210844541257
 4.9978997645822503
 4.6842778959800668
 4.7086212161287309
 2.5402468000911429
 2.5779991273067071
 3.4782809522460307
 4.741684349166837
 4.7956210068962468
 3.3689239742405817
 2.9967056798664151
 4.17108072745543
 4.5579125811002301
 3.9514193861527587
 4.5048092634965728
 3.6664238420506248
 4.4882475081358093
 4.8183580526115284
 5.9964942843225559
 5.4340969748182895
 4.4740656492157127
 4.9652625030434159
 4.8956737773191428
 4.7928976318448058
 3.0893087944104476
 3.5752071442790783
 4.0653250657112583
 4.133234907332378
 4.1779753928400014
 4.9152005386726731
 3.9398550808096973
 2.7825645319256838
 2.6053552697992446
 3.3576822499742964
 2.6673992506749222
 4.3674634013328868
 4.188017762063434
 4.0878208263981923
 3.6235955485316937
 4.1917832170537599
 3.3722743085472802
 4.979975353181163
 4.9469830521620537
 4.8835934834434491
 4.4246960288555277
 5.5243051780898131
 5.9330105584513975
 4.889849551586944
 5.5005880226865607
 5.0238374923401725
 4.7961264382488755
 4.6593674158766598
 5.1946222941600215
 6.2136316399274278
 4.8849161376775889
 5.6671089285468517
 4.8868087048101865
 5.2091386581573254
 5.0091632226585894
 3.5466045480792241
 3.5766442520862003
 4.0184366838193011


# name: D0
# type: global scalar
0.0050000000000000001


# name: K
# type: global scalar
2


# name: M
# type: scalar
100


# name: N
# type: global scalar
20


# name: T
# type: global matrix
# rows: 20
# columns: 1
 0.14388888888888857
 0.14555555555555516
 0.14638888888888846
 0.14777777777777729
 0.14833333333333282
 0.14666666666666622
 0.14944444444444388
 0.14999999999999941
 0.15027777777777718
 0.15083333333333271
 0.14472222222222186
 0.1436111111111108
 0.1444444444444441
 0.14499999999999963
 0.14583333333333293
 0.14888888888888835
 0.14722222222222175
 0.14777777777777729
 0.14888888888888835
 0.14944444444444388


# name: Tdanger
# type: scalar
2.0736111111111044


# name: Tmax
# type: global scalar
0.15083333333333271


# name: TmaxVect
# type: matrix
# rows: 100
# columns: 1
 0.15138888888888824
 0.15083333333333271
 0.15055555555555494
 0.15055555555555494
 0.15055555555555494
 0.15027777777777718
 0.15027777777777718
 0.15083333333333271
 0.15055555555555494
 0.14972222222222165
 0.15083333333333271
 0.14999999999999941
 0.15055555555555494
 0.14972222222222165
 0.15166666666666601
 0.15111111111111047
 0.15027777777777718
 0.15055555555555494
 0.15111111111111047
 0.14999999999999941
 0.15083333333333271
 0.15083333333333271
 0.15055555555555494
 0.15055555555555494
 0.15111111111111047
 0.15055555555555494
 0.15111111111111047
 0.15083333333333271
 0.15083333333333271
 0.15055555555555494
 0.14999999999999941
 0.15055555555555494
 0.15027777777777718
 0.15083333333333271
 0.15166666666666601
 0.15083333333333271
 0.15083333333333271
 0.14999999999999941
 0.15055555555555494
 0.15111111111111047
 0.15055555555555494
 0.15083333333333271
 0.14944444444444388
 0.15027777777777718
 0.15055555555555494
 0.15027777777777718
 0.15083333333333271
 0.15027777777777718
 0.15083333333333271
 0.15027777777777718
 0.15111111111111047
 0.15111111111111047
 0.15055555555555494
 0.14999999999999941
 0.15083333333333271
 0.15083333333333271
 0.15083333333333271
 0.15083333333333271
 0.15111111111111047
 0.15138888888888824
 0.15027777777777718
 0.15027777777777718
 0.15027777777777718
 0.15055555555555494
 0.15027777777777718
 0.15055555555555494
 0.15027777777777718
 0.15083333333333271
 0.15027777777777718
 0.15027777777777718
 0.14972222222222165
 0.15055555555555494
 0.14972222222222165
 0.15027777777777718
 0.15027777777777718
 0.15055555555555494
 0.15083333333333271
 0.15083333333333271
 0.15055555555555494
 0.15083333333333271
 0.15083333333333271
 0.15083333333333271
 0.15027777777777718
 0.15027777777777718
 0.15111111111111047
 0.15055555555555494
 0.15138888888888824
 0.15083333333333271
 0.15055555555555494
 0.14999999999999941
 0.15083333333333271
 0.15083333333333271
 0.15111111111111047
 0.15083333333333271
 0.15055555555555494
 0.15083333333333271
 0.15138888888888824
 0.14944444444444388
 0.15027777777777718
 0.15083333333333271


# name: Tmin
# type: scalar
0.1436111111111108


# name: TminVect
# type: matrix
# rows: 100
# columns: 1
 0.1436111111111108
 0.1436111111111108
 0.1436111111111108
 0.1436111111111108
 0.1436111111111108
 0.14416666666666633
 0.1436111111111108
 0.14416666666666633
 0.1436111111111108
 0.14388888888888857
 0.1436111111111108
 0.14388888888888857
 0.14388888888888857
 0.1436111111111108
 0.14416666666666633
 0.14388888888888857
 0.14388888888888857
 0.14388888888888857
 0.14388888888888857
 0.1436111111111108
 0.14388888888888857
 0.14388888888888857
 0.14388888888888857
 0.14388888888888857
 0.14388888888888857
 0.1436111111111108
 0.14416666666666633
 0.14388888888888857
 0.14388888888888857
 0.14416666666666633
 0.14388888888888857
 0.14416666666666633
 0.14388888888888857
 0.1436111111111108
 0.14416666666666633
 0.1436111111111108
 0.14416666666666633
 0.1436111111111108
 0.1436111111111108
 0.14388888888888857
 0.1436111111111108
 0.1436111111111108
 0.14388888888888857
 0.1436111111111108
 0.14388888888888857
 0.1436111111111108
 0.1436111111111108
 0.14388888888888857
 0.14388888888888857
 0.14388888888888857
 0.14416666666666633
 0.14388888888888857
 0.14388888888888857
 0.1436111111111108
 0.14388888888888857
 0.14388888888888857
 0.14388888888888857
 0.1436111111111108
 0.1444444444444441
 0.14388888888888857
 0.1436111111111108
 0.14388888888888857
 0.1436111111111108
 0.14388888888888857
 0.1436111111111108
 0.1436111111111108
 0.1436111111111108
 0.1436111111111108
 0.14388888888888857
 0.14388888888888857
 0.1436111111111108
 0.1436111111111108
 0.14388888888888857
 0.14388888888888857
 0.14388888888888857
 0.14388888888888857
 0.1436111111111108
 0.14388888888888857
 0.14416666666666633
 0.1436111111111108
 0.14388888888888857
 0.1436111111111108
 0.1436111111111108
 0.1436111111111108
 0.14388888888888857
 0.14388888888888857
 0.14388888888888857
 0.14388888888888857
 0.14416666666666633
 0.14388888888888857
 0.14388888888888857
 0.1436111111111108
 0.1436111111111108
 0.1436111111111108
 0.14416666666666633
 0.14388888888888857
 0.14388888888888857
 0.14388888888888857
 0.1436111111111108
 0.1436111111111108


# name: Tsafe
# type: scalar
0.87138888888888666


# name: V0
# type: global scalar
0


# name: Vmax
# type: global scalar
70


# name: Xmax
# type: global scalar
10


# name: currI
# type: global matrix
# rows: 20
# columns: 1
 1
 2
 1
 2
 1
 2
 1
 1
 2
 1
 2
 2
 1
 1
 1
 2
 1
 1
 1
 2


# name: currV
# type: global matrix
# rows: 20
# columns: 1
 70
 70
 70
 70
 69.999955527911339
 70
 69.998519409288917
 69.977846846152403
 70
 70
 70
 70
 70
 70
 70
 70
 70
 70
 70
 69.999999999998153


