# Created by Octave 8.1.0, Wed May 10 18:04:10 2023 GMT <unknown@ChiChi>
# name: Amax
# type: global scalar
64800


# name: C
# type: scalar
3.5449288549837632e-07


# name: CVect
# type: matrix
# rows: 100
# columns: 1
 1.5908243492430107e-13
 2.2169126449253124e-13
 2.5384495934259369e-13
 3.7100502423538674e-13
 5.0739733355601114e-13
 6.5993379776935296e-13
 7.9493094186672378e-13
 1.0275084132303611e-12
 1.2211142714983838e-12
 1.39847669782822e-12
 1.6837211383507127e-12
 1.9691133942922585e-12
 2.2941186733461569e-12
 2.6939753233355397e-12
 3.1580037029396082e-12
 3.6229487987834994e-12
 4.1792121154680879e-12
 4.7947619427223991e-12
 5.5114758475026863e-12
 6.3625282411876218e-12
 7.3250006101785608e-12
 8.380613096216057e-12
 9.5778435385326642e-12
 1.0967250667714825e-11
 1.2622689641877087e-11
 1.4399011860555484e-11
 1.6628686792715611e-11
 1.9120188293541587e-11
 2.1890977379777166e-11
 2.5105667562762055e-11
 2.8692191500299573e-11
 3.2956210851244309e-11
 3.7704589649631408e-11
 4.3335857756650594e-11
 4.9794547795373946e-11
 5.7097127762785705e-11
 6.5543390553452117e-11
 7.4906985826351119e-11
 8.605635603865092e-11
 9.8956825617185598e-11
 1.1356649794573876e-10
 1.3036685506266592e-10
 1.4935511348841715e-10
 1.7073190694925788e-10
 1.951612592210478e-10
 2.2436361180301894e-10
 2.5743559699822136e-10
 2.9425195200136607e-10
 3.3834033439204219e-10
 3.8745327655973026e-10
 4.4364878995389078e-10
 5.090868517360915e-10
 5.8185287845697865e-10
 6.6763787783231918e-10
 7.659731861722446e-10
 8.7714938514115968e-10
 1.0044109676470589e-09
 1.1500890213771344e-09
 1.3194540394929817e-09
 1.5137140032424305e-09
 1.7333014974829379e-09
 1.9886114369443216e-09
 2.2814701629260202e-09
 2.6074355818880282e-09
 2.9914016235365698e-09
 3.4253773448911555e-09
 3.9222277166726765e-09
 4.4998360126061825e-09
 5.1526047524353443e-09
 5.9113297668065085e-09
 6.7687381234459896e-09
 7.7357406805386114e-09
 8.857758762172688e-09
 1.0142511782262234e-08
 1.1635808259092953e-08
 1.3323524914337564e-08
 1.5285234859722132e-08
 1.7569275158227861e-08
 2.0155997344280999e-08
 2.3167813039403509e-08
 2.6427163162817766e-08
 3.0318008950412475e-08
 3.4715277424136511e-08
 3.9826361958834349e-08
 4.5689939881828165e-08
 5.241679651863333e-08
 6.0134032557594667e-08
 6.8987525091824294e-08
 7.884296423269418e-08
 9.0450899247049373e-08
 1.0337245704363822e-07
 1.1859176917019436e-07
 1.3579214252895441e-07
 1.557846436919177e-07
 1.7872055251425664e-07
 2.054260025704173e-07
 2.3388163692351548e-07
 2.688295483788635e-07
 3.0840873944033529e-07
 3.5449288549837632e-07


# name: D0
# type: global scalar
0.0050000000000000001


# name: ICMinf
# type: scalar
1.4620688998920528e-08


# name: ICMsup
# type: scalar
4.0821777718450571e-08


# name: ITmaxMinf
# type: scalar
0.14540052215176155


# name: ITmaxMsup
# type: scalar
0.14551614451490444


# name: K
# type: global scalar
2


# name: M
# type: scalar
100


# name: MoyC
# type: scalar
2.772123335868555e-08


# name: MoyTmax
# type: scalar
0.145458333333333


# name: N
# type: global scalar
6


# name: T
# type: global matrix
# rows: 6
# columns: 1
 0.14388888888888857
 0.14499999999999963
 0.14499999999999963
 0.1444444444444441
 0.14388888888888857
 0.1444444444444441


# name: Tdanger
# type: scalar
0


# name: Tmax
# type: global scalar
0.14499999999999963


# name: TmaxVect
# type: matrix
# rows: 100
# columns: 1
 0.14527777777777739
 0.14555555555555516
 0.14555555555555516
 0.14555555555555516
 0.14527777777777739
 0.14555555555555516
 0.14555555555555516
 0.14583333333333293
 0.14499999999999963
 0.14555555555555516
 0.14527777777777739
 0.14555555555555516
 0.14555555555555516
 0.14555555555555516
 0.14583333333333293
 0.14527777777777739
 0.14583333333333293
 0.14527777777777739
 0.14499999999999963
 0.14527777777777739
 0.14555555555555516
 0.14638888888888846
 0.14583333333333293
 0.14555555555555516
 0.14527777777777739
 0.14611111111111069
 0.14499999999999963
 0.14555555555555516
 0.14583333333333293
 0.14555555555555516
 0.14583333333333293
 0.14527777777777739
 0.14583333333333293
 0.14527777777777739
 0.14527777777777739
 0.14555555555555516
 0.14527777777777739
 0.14583333333333293
 0.14527777777777739
 0.14499999999999963
 0.14527777777777739
 0.14527777777777739
 0.14555555555555516
 0.14583333333333293
 0.14583333333333293
 0.14499999999999963
 0.14527777777777739
 0.14583333333333293
 0.14499999999999963
 0.14555555555555516
 0.14555555555555516
 0.14527777777777739
 0.14583333333333293
 0.14527777777777739
 0.14527777777777739
 0.14555555555555516
 0.14555555555555516
 0.14555555555555516
 0.14527777777777739
 0.14527777777777739
 0.14555555555555516
 0.14527777777777739
 0.14527777777777739
 0.14583333333333293
 0.14527777777777739
 0.14555555555555516
 0.14555555555555516
 0.14527777777777739
 0.14555555555555516
 0.14527777777777739
 0.14555555555555516
 0.14583333333333293
 0.14555555555555516
 0.14555555555555516
 0.14527777777777739
 0.14555555555555516
 0.14527777777777739
 0.14499999999999963
 0.14527777777777739
 0.14499999999999963
 0.14611111111111069
 0.14527777777777739
 0.14555555555555516
 0.14527777777777739
 0.14527777777777739
 0.14527777777777739
 0.14527777777777739
 0.14527777777777739
 0.14583333333333293
 0.14527777777777739
 0.14583333333333293
 0.14527777777777739
 0.14555555555555516
 0.14527777777777739
 0.14527777777777739
 0.14499999999999963
 0.14638888888888846
 0.14499999999999963
 0.14527777777777739
 0.14499999999999963


# name: Tmin
# type: scalar
0.14388888888888857


# name: TminVect
# type: matrix
# rows: 100
# columns: 1
 0.14416666666666633
 0.14388888888888857
 0.14388888888888857
 0.14388888888888857
 0.1436111111111108
 0.14416666666666633
 0.1436111111111108
 0.14416666666666633
 0.1436111111111108
 0.1436111111111108
 0.1436111111111108
 0.1436111111111108
 0.14416666666666633
 0.14416666666666633
 0.14416666666666633
 0.14388888888888857
 0.14416666666666633
 0.1436111111111108
 0.1436111111111108
 0.1436111111111108
 0.14333333333333304
 0.14388888888888857
 0.14416666666666633
 0.1436111111111108
 0.1436111111111108
 0.14388888888888857
 0.1436111111111108
 0.14388888888888857
 0.14388888888888857
 0.14416666666666633
 0.14416666666666633
 0.1436111111111108
 0.14416666666666633
 0.1436111111111108
 0.14388888888888857
 0.14388888888888857
 0.1436111111111108
 0.14388888888888857
 0.14388888888888857
 0.1436111111111108
 0.14388888888888857
 0.1436111111111108
 0.1436111111111108
 0.14416666666666633
 0.14388888888888857
 0.1436111111111108
 0.1436111111111108
 0.1436111111111108
 0.14388888888888857
 0.1436111111111108
 0.14388888888888857
 0.14388888888888857
 0.14388888888888857
 0.14388888888888857
 0.1436111111111108
 0.1436111111111108
 0.14388888888888857
 0.14388888888888857
 0.1436111111111108
 0.14388888888888857
 0.14388888888888857
 0.14333333333333304
 0.14388888888888857
 0.14388888888888857
 0.14388888888888857
 0.14416666666666633
 0.1436111111111108
 0.1436111111111108
 0.14388888888888857
 0.14388888888888857
 0.14388888888888857
 0.14388888888888857
 0.1436111111111108
 0.14388888888888857
 0.14388888888888857
 0.14388888888888857
 0.1436111111111108
 0.1436111111111108
 0.14388888888888857
 0.1436111111111108
 0.1444444444444441
 0.1436111111111108
 0.14388888888888857
 0.1436111111111108
 0.1436111111111108
 0.1436111111111108
 0.1436111111111108
 0.14388888888888857
 0.14388888888888857
 0.14388888888888857
 0.14388888888888857
 0.14388888888888857
 0.1436111111111108
 0.14388888888888857
 0.14388888888888857
 0.1436111111111108
 0.14416666666666633
 0.1436111111111108
 0.14388888888888857
 0.14388888888888857


# name: Tsafe
# type: scalar
0.8666666666666647


# name: V0
# type: global scalar
0


# name: VarC
# type: scalar
4.4675203696941669e-15


# name: VarTmax
# type: scalar
8.6998456754611153e-08


# name: Vmax
# type: global scalar
70


# name: Xmax
# type: global scalar
10


