# Created by Octave 8.1.0, Wed May 10 17:49:36 2023 GMT <unknown@ChiChi>
# name: Amax
# type: global scalar
64800


# name: C
# type: scalar
11676098.827224761


# name: CVect
# type: matrix
# rows: 100
# columns: 1
 3.898875277054163
 7.3927680354736927
 10.342522525942913
 14.463907623485147
 19.446251880432801
 23.396803232305192
 30.890427528421625
 37.519138580017206
 44.260239292551411
 52.307052868104464
 60.380066187985612
 71.540594784819632
 85.986093518278324
 99.36389004993724
 116.26594466932418
 134.86963208276757
 156.24569965498199
 180.86539103876422
 209.13295110131611
 241.85493952121965
 277.7424222580363
 321.5720336926957
 371.0721895667287
 426.7223080092113
 489.77000775233279
 561.23429469356279
 646.43693018154079
 740.27297550681487
 847.67887000636222
 974.10145813708812
 1115.4669753250457
 1276.1117595527978
 1462.4168579419513
 1672.557335789872
 1921.1778457643945
 2195.6557118841683
 2506.7246983121654
 2872.0638829318141
 3270.6463708755236
 3752.925679192404
 4292.8760056047058
 4898.6260653037416
 5600.8623670754987
 6402.2095783338609
 7304.4031926475236
 8347.8893630257644
 9540.4449863151858
 10906.201653577858
 12466.040958463929
 14223.782385875485
 16200.607239498844
 18519.468784496672
 21167.235411004232
 24192.246987181046
 27597.975122742933
 31722.204809339593
 36256.310855491545
 41438.303536528249
 47450.090589898617
 54333.039627176426
 62097.112036545281
 71105.143708672505
 81421.00138673227
 92875.869390712673
 106145.33501031506
 121314.66316002099
 138910.99101727892
 159059.74996449376
 181439.90550070425
 208154.75420334397
 238345.13840077617
 272915.5517118288
 313096.23523345648
 358507.13958029461
 412078.72305138514
 470948.74612263107
 537206.93335079693
 612786.54576431902
 700329.38470585248
 801906.7758304904
 916466.44450543204
 1051397.1767850472
 1201599.3241678295
 1368047.3164251533
 1563483.6897151775
 1790249.8129184297
 2049906.3540066544
 2342751.9239687729
 2687671.7002511155
 3077490.0590199847
 3510446.5433369302
 4011941.2893543742
 4576364.9872569228
 5250133.589045356
 5988748.0641126372
 6831273.9046984352
 7807170.2052486148
 8939509.2614651639
 10216583.176202241
 11676098.827224761


# name: D0
# type: global scalar
0.0050000000000000001


# name: ICMinf
# type: scalar
496607.38807375444


# name: ICMsup
# type: scalar
1367995.4707693674


# name: ITmaxMinf
# type: scalar
0.1456915211238162


# name: ITmaxMsup
# type: scalar
0.14581403443173843


# name: K
# type: global scalar
2


# name: M
# type: scalar
100


# name: MoyC
# type: scalar
932301.42942156096


# name: MoyTmax
# type: scalar
0.14575277777777731


# name: N
# type: global scalar
6


# name: T
# type: global matrix
# rows: 6
# columns: 1
 0.14388888888888857
 0.14472222222222186
 0.14583333333333293
 0.1436111111111108
 0.1444444444444441
 0.14527777777777739


# name: Tdanger
# type: scalar
0.43444444444444336


# name: Tmax
# type: global scalar
0.14583333333333293


# name: TmaxVect
# type: matrix
# rows: 100
# columns: 1
 0.14555555555555516
 0.14611111111111069
 0.14555555555555516
 0.14555555555555516
 0.14611111111111069
 0.14555555555555516
 0.14555555555555516
 0.14583333333333293
 0.14611111111111069
 0.14583333333333293
 0.14555555555555516
 0.14555555555555516
 0.14583333333333293
 0.14555555555555516
 0.14583333333333293
 0.14583333333333293
 0.14583333333333293
 0.14527777777777739
 0.14527777777777739
 0.14583333333333293
 0.14555555555555516
 0.14499999999999963
 0.14611111111111069
 0.14527777777777739
 0.14583333333333293
 0.14638888888888846
 0.14527777777777739
 0.14583333333333293
 0.14638888888888846
 0.14555555555555516
 0.14583333333333293
 0.14583333333333293
 0.14555555555555516
 0.14583333333333293
 0.14527777777777739
 0.14611111111111069
 0.14611111111111069
 0.14555555555555516
 0.14638888888888846
 0.14527777777777739
 0.14583333333333293
 0.14611111111111069
 0.14583333333333293
 0.14583333333333293
 0.14611111111111069
 0.14583333333333293
 0.14583333333333293
 0.14583333333333293
 0.14583333333333293
 0.14611111111111069
 0.14638888888888846
 0.14583333333333293
 0.14583333333333293
 0.14583333333333293
 0.14611111111111069
 0.14499999999999963
 0.14583333333333293
 0.14583333333333293
 0.14555555555555516
 0.14555555555555516
 0.14583333333333293
 0.14555555555555516
 0.14555555555555516
 0.14611111111111069
 0.14583333333333293
 0.14583333333333293
 0.14555555555555516
 0.14555555555555516
 0.14611111111111069
 0.14527777777777739
 0.14555555555555516
 0.14555555555555516
 0.14527777777777739
 0.14555555555555516
 0.14499999999999963
 0.14583333333333293
 0.14611111111111069
 0.14611111111111069
 0.14583333333333293
 0.14555555555555516
 0.14583333333333293
 0.14527777777777739
 0.14583333333333293
 0.14638888888888846
 0.14583333333333293
 0.14555555555555516
 0.14555555555555516
 0.14583333333333293
 0.14527777777777739
 0.14555555555555516
 0.14611111111111069
 0.14583333333333293
 0.14611111111111069
 0.14527777777777739
 0.14611111111111069
 0.14611111111111069
 0.14583333333333293
 0.14555555555555516
 0.14583333333333293
 0.14583333333333293


# name: Tmin
# type: scalar
0.1436111111111108


# name: TminVect
# type: matrix
# rows: 100
# columns: 1
 0.1436111111111108
 0.14388888888888857
 0.14388888888888857
 0.1436111111111108
 0.14388888888888857
 0.14416666666666633
 0.1436111111111108
 0.14416666666666633
 0.1436111111111108
 0.14388888888888857
 0.14388888888888857
 0.1436111111111108
 0.14388888888888857
 0.1436111111111108
 0.14388888888888857
 0.14388888888888857
 0.1436111111111108
 0.14388888888888857
 0.1436111111111108
 0.14416666666666633
 0.1436111111111108
 0.1436111111111108
 0.14416666666666633
 0.1436111111111108
 0.14388888888888857
 0.14416666666666633
 0.1436111111111108
 0.14388888888888857
 0.14416666666666633
 0.14388888888888857
 0.14388888888888857
 0.14388888888888857
 0.14388888888888857
 0.14388888888888857
 0.1436111111111108
 0.14388888888888857
 0.14416666666666633
 0.14388888888888857
 0.14416666666666633
 0.1436111111111108
 0.14388888888888857
 0.14388888888888857
 0.14388888888888857
 0.1436111111111108
 0.1436111111111108
 0.14388888888888857
 0.1436111111111108
 0.14388888888888857
 0.14416666666666633
 0.14416666666666633
 0.1444444444444441
 0.1436111111111108
 0.14388888888888857
 0.14388888888888857
 0.14388888888888857
 0.1436111111111108
 0.14388888888888857
 0.1436111111111108
 0.1436111111111108
 0.1436111111111108
 0.14388888888888857
 0.1436111111111108
 0.1436111111111108
 0.1444444444444441
 0.14388888888888857
 0.14388888888888857
 0.1436111111111108
 0.1436111111111108
 0.1436111111111108
 0.1436111111111108
 0.1436111111111108
 0.1436111111111108
 0.1436111111111108
 0.14388888888888857
 0.14333333333333304
 0.14388888888888857
 0.1436111111111108
 0.14416666666666633
 0.14416666666666633
 0.14388888888888857
 0.14388888888888857
 0.1436111111111108
 0.14416666666666633
 0.14388888888888857
 0.14416666666666633
 0.1436111111111108
 0.14388888888888857
 0.14388888888888857
 0.1436111111111108
 0.14388888888888857
 0.14416666666666633
 0.1436111111111108
 0.14416666666666633
 0.14388888888888857
 0.14416666666666633
 0.14416666666666633
 0.14388888888888857
 0.14388888888888857
 0.14416666666666633
 0.1436111111111108


# name: Tsafe
# type: scalar
0.43333333333333229


# name: V0
# type: global scalar
0


# name: VarC
# type: scalar
4941412371563.5176


# name: VarTmax
# type: scalar
9.76774691408e-08


# name: Vmax
# type: global scalar
70


# name: Xmax
# type: global scalar
10


# name: currI
# type: global matrix
# rows: 6
# columns: 1
 2
 1
 2
 1
 2
 1


# name: currV
# type: global matrix
# rows: 6
# columns: 1
 70
 70
 70
 70
 70
 69.999999999998153


# name: currX
# type: global matrix
# rows: 6
# columns: 2
 10.153711023732397 0
 10.078128365841359 1
 10.018004613029671 0
 10.16725901881059 0
 10.110383500369629 1
 10.039239476952471 1


