# Created by Octave 8.1.0, Thu May 11 05:34:43 2023 GMT <unknown@ChiChi>
# name: Amax
# type: global scalar
64800


# name: C
# type: scalar
8.8978172863415459


# name: CVect
# type: matrix
# rows: 100
# columns: 1
 2.726201331528975
 6.3948339973727997
 5.2008399923746387
 4.2645859961795756
 4.6500348841644419
 4.2970431303328427
 5.4466104247238665
 8.6194061228202639
 7.0205671526715818
 5.1152468163213047
 5.2584227486310473
 8.6307123277287872
 6.6090224602585179
 6.6171792319526439
 6.5516934747705973
 5.3922002033628544
 6.3354345995235741
 6.0875548919882121
 6.083211020203346
 7.5411618914329885
 7.5640466676721463
 5.1043436100480255
 6.1145681948772026
 3.421327770004126
 5.2049184624538256
 5.8744081141938658
 5.2967034834837721
 7.2690069820048171
 6.1636056505566774
 9.0803336016870482
 7.3448893484098781
 4.6870187180719949
 5.3300257813746894
 5.1189345644792006
 7.0722169526530578
 7.3557276421465065
 6.6936633475232723
 7.7566459381195862
 7.5456188464153415
 7.473715980054302
 8.3761968846825372
 8.9294846421330796
 8.1253862890165145
 9.1678215563238599
 5.0853476456920514
 5.3797210685794834
 7.4096956327034373
 7.69207100525984
 8.0930057238568693
 9.8144885346112485
 7.5752302382910388
 6.549496081152685
 5.2170887494024774
 5.00890886626628
 4.1491782732541767
 4.4861540638313979
 4.518597660326594
 5.8933821370521757
 8.8788059684409415
 6.5484086514391606
 8.0616296449271729
 5.1492112580977585
 6.1044186885846869
 5.1771125694070337
 4.6471262677071898
 5.1306828043237891
 6.9106878158689629
 6.6820129878459262
 7.4970419199341114
 7.7290065689189591
 7.9763156404116993
 6.7995472825200087
 7.8261786892232532
 6.5470507358167449
 8.5363271394198126
 8.2270140848193964
 6.7828547034455982
 6.2148644112617859
 5.3419942415883979
 9.1335325280247766
 7.4453332783783734
 6.8562558268811555
 7.0098177327784965
 6.4770884554121944
 5.0965043362106597
 4.9019214482881166
 4.5426039567013543
 5.1467556550650091
 4.8001972989332806
 7.4154690164865986
 4.8396050372683908
 5.3333085512870317
 6.875629890742589
 7.2504780093596954
 5.1890054421299903
 5.9453839815773684
 8.1580718629136211
 9.4657075570704006
 7.3537812427695295
 8.8978172863415459


# name: D0
# type: global scalar
0.0050000000000000001


# name: ICMinf
# type: scalar
6.1974969595936731


# name: ICMsup
# type: scalar
6.7762529979189381


# name: ITmaxMinf
# type: scalar
0.10812817787096078


# name: ITmaxMsup
# type: scalar
0.10828848879570661


# name: K
# type: global scalar
2


# name: M
# type: scalar
100


# name: MoyC
# type: scalar
6.4868749787563056


# name: MoyTmax
# type: scalar
0.1082083333333337


# name: N
# type: global scalar
20


# name: T
# type: global matrix
# rows: 20
# columns: 1
 0.10138888888888925
 0.10222222222222259
 0.10277777777777815
 0.10361111111111149
 0.10472222222222261
 0.10583333333333372
 0.10694444444444484
 0.10861111111111152
 0.10805555555555596
 0.10805555555555596
 0.10166666666666703
 0.10250000000000037
 0.10305555555555593
 0.10416666666666705
 0.10416666666666705
 0.10527777777777816
 0.10527777777777816
 0.10638888888888928
 0.10694444444444484
 0.1075000000000004


# name: Tdanger
# type: scalar
1.0469444444444482


# name: Tmax
# type: global scalar
0.10861111111111152


# name: TmaxVect
# type: matrix
# rows: 100
# columns: 1
 0.10833333333333374
 0.10777777777777818
 0.10805555555555596
 0.10777777777777818
 0.10777777777777818
 0.10777777777777818
 0.10805555555555596
 0.10777777777777818
 0.10777777777777818
 0.10833333333333374
 0.10777777777777818
 0.10833333333333374
 0.10777777777777818
 0.10833333333333374
 0.10805555555555596
 0.10777777777777818
 0.10777777777777818
 0.10777777777777818
 0.10861111111111152
 0.10805555555555596
 0.10833333333333374
 0.10777777777777818
 0.10777777777777818
 0.10777777777777818
 0.1088888888888893
 0.10805555555555596
 0.10833333333333374
 0.10944444444444486
 0.10777777777777818
 0.10833333333333374
 0.10805555555555596
 0.10777777777777818
 0.10805555555555596
 0.10805555555555596
 0.10833333333333374
 0.10805555555555596
 0.10777777777777818
 0.10861111111111152
 0.1075000000000004
 0.10805555555555596
 0.10777777777777818
 0.10833333333333374
 0.10805555555555596
 0.10861111111111152
 0.10777777777777818
 0.10833333333333374
 0.10916666666666708
 0.10833333333333374
 0.10861111111111152
 0.10861111111111152
 0.10805555555555596
 0.10833333333333374
 0.10805555555555596
 0.10833333333333374
 0.10777777777777818
 0.10861111111111152
 0.10805555555555596
 0.10833333333333374
 0.10861111111111152
 0.10861111111111152
 0.10861111111111152
 0.10777777777777818
 0.10833333333333374
 0.10805555555555596
 0.10777777777777818
 0.1088888888888893
 0.10916666666666708
 0.10777777777777818
 0.10833333333333374
 0.10833333333333374
 0.1088888888888893
 0.10833333333333374
 0.10805555555555596
 0.10833333333333374
 0.10777777777777818
 0.10833333333333374
 0.1088888888888893
 0.10777777777777818
 0.1088888888888893
 0.10916666666666708
 0.10833333333333374
 0.10833333333333374
 0.10833333333333374
 0.10777777777777818
 0.10777777777777818
 0.10805555555555596
 0.10805555555555596
 0.10805555555555596
 0.10777777777777818
 0.10861111111111152
 0.10777777777777818
 0.10833333333333374
 0.1088888888888893
 0.10833333333333374
 0.10805555555555596
 0.10833333333333374
 0.10777777777777818
 0.10916666666666708
 0.10805555555555596
 0.10861111111111152


# name: Tmin
# type: scalar
0.10138888888888925


# name: TminVect
# type: matrix
# rows: 100
# columns: 1
 0.10138888888888925
 0.10138888888888925
 0.10138888888888925
 0.10138888888888925
 0.10111111111111147
 0.10166666666666703
 0.10166666666666703
 0.10138888888888925
 0.10138888888888925
 0.10166666666666703
 0.10138888888888925
 0.10138888888888925
 0.10111111111111147
 0.10138888888888925
 0.10138888888888925
 0.10111111111111147
 0.10111111111111147
 0.10111111111111147
 0.10138888888888925
 0.10138888888888925
 0.10138888888888925
 0.10138888888888925
 0.10166666666666703
 0.10138888888888925
 0.10166666666666703
 0.10111111111111147
 0.10138888888888925
 0.10194444444444481
 0.10166666666666703
 0.10138888888888925
 0.10138888888888925
 0.10111111111111147
 0.10166666666666703
 0.10138888888888925
 0.10166666666666703
 0.10138888888888925
 0.10111111111111147
 0.10138888888888925
 0.10083333333333369
 0.10138888888888925
 0.10166666666666703
 0.10138888888888925
 0.10138888888888925
 0.10138888888888925
 0.10166666666666703
 0.10111111111111147
 0.10111111111111147
 0.10138888888888925
 0.10194444444444481
 0.10111111111111147
 0.10166666666666703
 0.10166666666666703
 0.10138888888888925
 0.10166666666666703
 0.10138888888888925
 0.10194444444444481
 0.10138888888888925
 0.10138888888888925
 0.10138888888888925
 0.10166666666666703
 0.10138888888888925
 0.10166666666666703
 0.10166666666666703
 0.10138888888888925
 0.10166666666666703
 0.10138888888888925
 0.10166666666666703
 0.10111111111111147
 0.10111111111111147
 0.10111111111111147
 0.10194444444444481
 0.10194444444444481
 0.10111111111111147
 0.10166666666666703
 0.10111111111111147
 0.10083333333333369
 0.10111111111111147
 0.10138888888888925
 0.10222222222222259
 0.10111111111111147
 0.10111111111111147
 0.10138888888888925
 0.10194444444444481
 0.10138888888888925
 0.10138888888888925
 0.10138888888888925
 0.10138888888888925
 0.10138888888888925
 0.10138888888888925
 0.10138888888888925
 0.10138888888888925
 0.10138888888888925
 0.10166666666666703
 0.10138888888888925
 0.10166666666666703
 0.10166666666666703
 0.10111111111111147
 0.10194444444444481
 0.10138888888888925
 0.10138888888888925


# name: Tsafe
# type: scalar
1.0522222222222262


# name: V0
# type: global scalar
0


# name: VarC
# type: scalar
2.1798114841339284


# name: VarTmax
# type: scalar
1.6724537037215992e-07


# name: Vmax
# type: global scalar
100


# name: Xmax
# type: global scalar
10


