# Created by Octave 8.1.0, Thu May 11 05:35:59 2023 GMT <unknown@ChiChi>
# name: Amax
# type: global scalar
64800


# name: C
# type: scalar
5.9295205296841393


# name: CVect
# type: matrix
# rows: 100
# columns: 1
 3.3738944873534069
 3.2873357382510915
 5.9219520345911363
 6.5987106926004468
 7.3301072738927733
 6.7251704581897824
 7.9883676132294843
 6.2876603659396979
 6.128146659895104
 7.0078735022139362
 4.0969521124479922
 6.0506661994443842
 7.5457039722558772
 8.417977294011731
 7.0188244161513866
 7.2516717601827327
 8.5564286756165178
 6.7641727121345614
 4.2076781811340078
 5.1542107244978572
 6.4563100880441171
 6.2758609480548637
 5.7892828070268338
 7.18674822243816
 9.5262515118651905
 9.0051533379277178
 9.940718907870842
 7.4004249628591294
 6.6521371139919401
 6.3738922991420468
 9.2111955433178867
 6.80891307385175
 5.4510468238458643
 5.4519625265510561
 6.5807315838561928
 5.6111970053218858
 5.2798462248010196
 4.0839731303106817
 6.3628940160066509
 8.5611072595785629
 7.7061390102801139
 7.6552613308937403
 5.028676398181311
 5.6719607521860054
 5.8465229809193611
 7.4771979842868728
 6.7891413421143003
 6.719641574449839
 5.7618388097979949
 6.1299295987468838
 5.7233712531330694
 6.8190512923749962
 7.9286605407089539
 7.9245301657329401
 6.3061689974274833
 4.2771147305991262
 8.6015797720382849
 10.425378110581358
 8.0705725321052988
 7.8766552273326917
 6.3788220905111555
 7.30061175537144
 8.0228756888522597
 5.9867352098455697
 6.2879674895307343
 6.5308219328022847
 5.6816403592943443
 8.1726226935324515
 7.7612208495689048
 7.2912821323012356
 7.7912821645566934
 6.0054285981399831
 6.6716954352946525
 7.5473222345849358
 7.4718170129601029
 8.5786947485749323
 5.6650079116999272
 6.7574493496259782
 5.7367381716383914
 7.7789700226233105
 6.8711496049360683
 6.7639163774088722
 8.3639375842261448
 7.6763611371778877
 6.6993657550664238
 7.5899996597210615
 6.6948837883200119
 5.1139240486401416
 8.4216282172175081
 7.6267179284269702
 6.55698040659051
 7.1359055898566925
 6.2269966777296037
 8.8120992149633093
 8.0532511032619389
 9.0369785093711652
 8.1552129988208986
 8.4807075241067285
 7.2051480225390208
 5.9295205296841393


# name: D0
# type: global scalar
0.0050000000000000001


# name: ICMinf
# type: scalar
6.6300500704345149


# name: ICMsup
# type: scalar
7.1558746334447134


# name: ITmaxMinf
# type: scalar
0.099191432945606353


# name: ITmaxMsup
# type: scalar
0.099347455943283189


# name: K
# type: global scalar
2


# name: M
# type: scalar
100


# name: MoyC
# type: scalar
6.8929623519396142


# name: MoyTmax
# type: scalar
0.099269444444444771


# name: N
# type: global scalar
20


# name: T
# type: global matrix
# rows: 20
# columns: 1
 0.092777777777778084
 0.092777777777778084
 0.094444444444444761
 0.094722222222222541
 0.096111111111111439
 0.096666666666666998
 0.098055555555555896
 0.098611111111111455
 0.098888888888889234
 0.097777777777778116
 0.093611111111111422
 0.092222222222222525
 0.093333333333333643
 0.094166666666666982
 0.0952777777777781
 0.095555555555555879
 0.096388888888889218
 0.097222222222222557
 0.097500000000000336
 0.098333333333333675


# name: Tdanger
# type: scalar
0.6672222222222246


# name: Tmax
# type: global scalar
0.098888888888889234


# name: TmaxVect
# type: matrix
# rows: 100
# columns: 1
 0.098888888888889234
 0.099166666666667014
 0.099722222222222573
 0.10027777777777813
 0.098888888888889234
 0.099722222222222573
 0.099166666666667014
 0.099722222222222573
 0.099722222222222573
 0.099166666666667014
 0.099444444444444793
 0.099166666666667014
 0.099444444444444793
 0.099166666666667014
 0.099166666666667014
 0.099444444444444793
 0.10000000000000035
 0.099166666666667014
 0.098611111111111455
 0.099166666666667014
 0.098888888888889234
 0.099444444444444793
 0.099722222222222573
 0.099444444444444793
 0.099444444444444793
 0.099722222222222573
 0.099444444444444793
 0.098333333333333675
 0.099166666666667014
 0.098611111111111455
 0.099444444444444793
 0.098888888888889234
 0.099722222222222573
 0.098888888888889234
 0.099166666666667014
 0.098888888888889234
 0.098611111111111455
 0.098888888888889234
 0.10000000000000035
 0.10000000000000035
 0.099444444444444793
 0.099444444444444793
 0.099166666666667014
 0.099166666666667014
 0.099444444444444793
 0.099166666666667014
 0.099166666666667014
 0.098888888888889234
 0.099166666666667014
 0.099722222222222573
 0.099166666666667014
 0.098888888888889234
 0.099444444444444793
 0.098888888888889234
 0.099444444444444793
 0.098888888888889234
 0.099166666666667014
 0.10000000000000035
 0.099444444444444793
 0.099166666666667014
 0.098611111111111455
 0.10000000000000035
 0.099166666666667014
 0.099166666666667014
 0.098888888888889234
 0.099166666666667014
 0.099166666666667014
 0.099444444444444793
 0.099166666666667014
 0.099722222222222573
 0.098888888888889234
 0.099444444444444793
 0.10055555555555591
 0.099444444444444793
 0.099444444444444793
 0.099444444444444793
 0.098888888888889234
 0.099444444444444793
 0.098611111111111455
 0.099722222222222573
 0.098888888888889234
 0.099166666666667014
 0.099444444444444793
 0.099444444444444793
 0.099166666666667014
 0.098888888888889234
 0.098888888888889234
 0.099166666666667014
 0.10000000000000035
 0.099444444444444793
 0.098611111111111455
 0.099166666666667014
 0.098611111111111455
 0.099166666666667014
 0.099722222222222573
 0.099444444444444793
 0.099166666666667014
 0.098888888888889234
 0.099166666666667014
 0.098888888888889234


# name: Tmin
# type: scalar
0.092222222222222525


# name: TminVect
# type: matrix
# rows: 100
# columns: 1
 0.092222222222222525
 0.092222222222222525
 0.092777777777778084
 0.092777777777778084
 0.092500000000000304
 0.092222222222222525
 0.092500000000000304
 0.092500000000000304
 0.092222222222222525
 0.092500000000000304
 0.092500000000000304
 0.092500000000000304
 0.092777777777778084
 0.092500000000000304
 0.092500000000000304
 0.093055555555555863
 0.092222222222222525
 0.092222222222222525
 0.092222222222222525
 0.092222222222222525
 0.092500000000000304
 0.093055555555555863
 0.092500000000000304
 0.092222222222222525
 0.092500000000000304
 0.092222222222222525
 0.092777777777778084
 0.092222222222222525
 0.092500000000000304
 0.092222222222222525
 0.092500000000000304
 0.092777777777778084
 0.092500000000000304
 0.092222222222222525
 0.092222222222222525
 0.092500000000000304
 0.092222222222222525
 0.091944444444444745
 0.092222222222222525
 0.092777777777778084
 0.092500000000000304
 0.093055555555555863
 0.092500000000000304
 0.092500000000000304
 0.092500000000000304
 0.092222222222222525
 0.092222222222222525
 0.091944444444444745
 0.092500000000000304
 0.093055555555555863
 0.092222222222222525
 0.092222222222222525
 0.092222222222222525
 0.092222222222222525
 0.092500000000000304
 0.092500000000000304
 0.092222222222222525
 0.092500000000000304
 0.092777777777778084
 0.092500000000000304
 0.092222222222222525
 0.092500000000000304
 0.092500000000000304
 0.092222222222222525
 0.092500000000000304
 0.092222222222222525
 0.092500000000000304
 0.092222222222222525
 0.092500000000000304
 0.092500000000000304
 0.092222222222222525
 0.092500000000000304
 0.093055555555555863
 0.092500000000000304
 0.092500000000000304
 0.092500000000000304
 0.092222222222222525
 0.092500000000000304
 0.092500000000000304
 0.092777777777778084
 0.092500000000000304
 0.092222222222222525
 0.092500000000000304
 0.092777777777778084
 0.092777777777778084
 0.092777777777778084
 0.092500000000000304
 0.092222222222222525
 0.093055555555555863
 0.092777777777778084
 0.092500000000000304
 0.092222222222222525
 0.092222222222222525
 0.092500000000000304
 0.092500000000000304
 0.092500000000000304
 0.092222222222222525
 0.092500000000000304
 0.092222222222222525
 0.092222222222222525


# name: Tsafe
# type: scalar
1.2472222222222265


# name: V0
# type: global scalar
0


# name: VarC
# type: scalar
1.7993249626774457


