# Created by Octave 8.1.0, Thu May 11 05:37:00 2023 GMT <unknown@ChiChi>
# name: Amax
# type: global scalar
64800


# name: C
# type: scalar
5.3906475445206725


# name: CVect
# type: matrix
# rows: 100
# columns: 1
 3.944376771981926
 3.0314115225705405
 5.0567426928000545
 5.0540226584848131
 5.9336157743696729
 4.9593739550884912
 4.5627020833321801
 5.4896518211580894
 6.759453140343556
 8.9839424235092942
 5.9606344295967695
 5.721854024866782
 5.7670205489110655
 4.5689142932432851
 3.8476601082349147
 2.54926929697523
 4.6445313002065349
 4.2287585752978503
 5.0119958235283342
 4.8802469134614954
 6.333992296636791
 4.9573123553535012
 5.3003363360534985
 4.2696591402225366
 3.8258756094395872
 4.7347685395952537
 6.6980043188983744
 6.528202579307341
 4.7157096752427918
 4.4761051496162398
 5.8215273381063053
 6.2600205344261592
 5.608963980460409
 4.4906713450334417
 4.2266021532483533
 5.2883246742882264
 6.5365007279890621
 7.8479014169065806
 7.7732340086760772
 4.9324332654237599
 5.8063622372101671
 6.6471645872532781
 4.4243101355645003
 4.0237104796809593
 4.3348156697611584
 6.4159573581050067
 6.8014589049584089
 5.5137541409397617
 7.0663200665155816
 4.2158848304637164
 4.2196898809424299
 3.917481212114847
 3.8184256329707598
 5.4832062748482411
 5.7761910858916261
 7.3796863138355455
 7.4267692761101767
 5.8576352041755504
 4.7997606047671271
 6.423983971680002
 5.3455287243920848
 4.4981446367807347
 5.0984234477896981
 6.726837936184987
 6.7483735073316646
 8.0156148076113745
 5.6595943205828236
 6.7915656961171269
 5.5134322892229601
 4.278019012620458
 5.0067317753184843
 4.6458229684569634
 5.6176391818061227
 5.6159140398345802
 4.0297418881040103
 6.4791374354217268
 5.0363541288019533
 5.4224340921833489
 4.7577675193352178
 4.4912668410998684
 7.7054696869738395
 6.7113148758504373
 7.3768776859540015
 5.9823048787467243
 4.184682696474435
 2.2594083386349451
 4.5374524796094464
 3.9308964835113769
 4.3688868584142231
 4.9562466160250995
 4.6933263240429808
 4.2095810890103964
 4.6576294183629825
 6.3091090455307643
 6.1848807183846315
 6.8023714909215585
 5.8495629051058193
 5.6664222908638262
 5.6108915395223624
 5.3906475445206725


# name: D0
# type: global scalar
0.0050000000000000001


# name: K
# type: global scalar
2


# name: M
# type: scalar
100


# name: N
# type: global scalar
20


# name: T
# type: global matrix
# rows: 20
# columns: 1
 0.11250000000000043
 0.11388888888888933
 0.11444444444444489
 0.11472222222222267
 0.11611111111111157
 0.11555555555555601
 0.11638888888888935
 0.11694444444444491
 0.11777777777777824
 0.11805555555555602
 0.11250000000000043
 0.11305555555555599
 0.11361111111111155
 0.11416666666666711
 0.11500000000000045
 0.11666666666666713
 0.11722222222222269
 0.11750000000000047
 0.11888888888888936
 0.11861111111111158


# name: Tdanger
# type: scalar
0.92194444444444801


# name: Tmax
# type: global scalar
0.11888888888888936


# name: TmaxVect
# type: matrix
# rows: 100
# columns: 1
 0.11916666666666714
 0.11916666666666714
 0.1183333333333338
 0.1197222222222227
 0.12000000000000048
 0.11888888888888936
 0.11861111111111158
 0.11861111111111158
 0.12000000000000048
 0.11916666666666714
 0.11944444444444492
 0.11861111111111158
 0.11944444444444492
 0.11861111111111158
 0.11861111111111158
 0.11888888888888936
 0.11944444444444492
 0.11861111111111158
 0.11861111111111158
 0.11944444444444492
 0.11916666666666714
 0.11916666666666714
 0.1197222222222227
 0.11916666666666714
 0.11861111111111158
 0.11916666666666714
 0.11944444444444492
 0.1197222222222227
 0.11861111111111158
 0.1197222222222227
 0.11916666666666714
 0.1197222222222227
 0.11916666666666714
 0.11888888888888936
 0.11861111111111158
 0.11916666666666714
 0.1197222222222227
 0.11861111111111158
 0.11888888888888936
 0.11861111111111158
 0.11916666666666714
 0.11916666666666714
 0.1183333333333338
 0.11861111111111158
 0.11916666666666714
 0.1197222222222227
 0.11916666666666714
 0.1197222222222227
 0.11916666666666714
 0.11916666666666714
 0.11888888888888936
 0.11916666666666714
 0.11888888888888936
 0.11916666666666714
 0.1197222222222227
 0.11916666666666714
 0.1197222222222227
 0.11916666666666714
 0.11916666666666714
 0.11888888888888936
 0.1183333333333338
 0.11888888888888936
 0.11916666666666714
 0.1197222222222227
 0.1197222222222227
 0.12000000000000048
 0.11916666666666714
 0.11916666666666714
 0.11861111111111158
 0.11861111111111158
 0.11944444444444492
 0.1183333333333338
 0.11944444444444492
 0.12000000000000048
 0.11888888888888936
 0.11944444444444492
 0.11888888888888936
 0.11916666666666714
 0.11888888888888936
 0.11888888888888936
 0.11916666666666714
 0.11944444444444492
 0.11888888888888936
 0.11944444444444492
 0.11944444444444492
 0.11861111111111158
 0.11916666666666714
 0.11944444444444492
 0.11944444444444492
 0.11916666666666714
 0.11916666666666714
 0.11861111111111158
 0.11888888888888936
 0.11944444444444492
 0.11944444444444492
 0.11916666666666714
 0.11888888888888936
 0.11861111111111158
 0.11916666666666714
 0.11888888888888936


# name: Tmin
# type: scalar
0.11250000000000043


# name: TminVect
# type: matrix
# rows: 100
# columns: 1
 0.11250000000000043
 0.11277777777777821
 0.11222222222222265
 0.11305555555555599
 0.11277777777777821
 0.11250000000000043
 0.11250000000000043
 0.11222222222222265
 0.11250000000000043
 0.11222222222222265
 0.11250000000000043
 0.11222222222222265
 0.11222222222222265
 0.11222222222222265
 0.11222222222222265
 0.11222222222222265
 0.11250000000000043
 0.11222222222222265
 0.11194444444444487
 0.11222222222222265
 0.11222222222222265
 0.11222222222222265
 0.11250000000000043
 0.11250000000000043
 0.11222222222222265
 0.11277777777777821
 0.11250000000000043
 0.11250000000000043
 0.11222222222222265
 0.11250000000000043
 0.11250000000000043
 0.11277777777777821
 0.11250000000000043
 0.11222222222222265
 0.11250000000000043
 0.11250000000000043
 0.11250000000000043
 0.11222222222222265
 0.11222222222222265
 0.11222222222222265
 0.11250000000000043
 0.11250000000000043
 0.11250000000000043
 0.11222222222222265
 0.11222222222222265
 0.11305555555555599
 0.11194444444444487
 0.11250000000000043
 0.11250000000000043
 0.11222222222222265
 0.11250000000000043
 0.11250000000000043
 0.11222222222222265
 0.11222222222222265
 0.11250000000000043
 0.11222222222222265
 0.11222222222222265
 0.11250000000000043
 0.11250000000000043
 0.11222222222222265
 0.11250000000000043
 0.11222222222222265
 0.11222222222222265
 0.11250000000000043
 0.11277777777777821
 0.11250000000000043
 0.11222222222222265
 0.11222222222222265
 0.11250000000000043
 0.11250000000000043
 0.11194444444444487
 0.11222222222222265
 0.11250000000000043
 0.11222222222222265
 0.11250000000000043
 0.11194444444444487
 0.11222222222222265
 0.11222222222222265
 0.11250000000000043
 0.11250000000000043
 0.11222222222222265
 0.11250000000000043
 0.11222222222222265
 0.11250000000000043
 0.11277777777777821
 0.11250000000000043
 0.11250000000000043
 0.11277777777777821
 0.11250000000000043
 0.11277777777777821
 0.11277777777777821
 0.11250000000000043
 0.11250000000000043
 0.11222222222222265
 0.11277777777777821
 0.11222222222222265
 0.11250000000000043
 0.11222222222222265
 0.11222222222222265
 0.11250000000000043


# name: Tsafe
# type: scalar
1.3916666666666722


# name: V0
# type: global scalar
0


# name: Vmax
# type: global scalar
90


# name: Xmax
# type: global scalar
10


# name: currI
# type: global matrix
# rows: 20
# columns: 1
 2
 2
 2
 1
 1
 2
 2
 2
 1
 2
 1
 2
 1
 1
 2
 1
 1
 2
 1
 2


# name: currV
# type: global matrix
# rows: 20
# columns: 1
 90
 90
 90
 90
 90
 90
 90
 90
 90
 90
 90
 90
 90
 90
 90
 90
 90
 90
 90
 90


